2874.442627
2762.596191
2980.658447
2646.010986
3744.333496
-137.861572
692.553711
-1622.511108
-17.984777
-91.120743
-72.667969
-3626.330566
-301.512665
21.206907
1660.693359
2985.214111
-20.262985
-18.933453
-349.959686
-960.111511
1742.293945
-408.464233
11.178895
34.090733
-43.087837
-1515.162476
14.205311
26.865711
468.930176
1614.540894
-4524.961426
1705.641968
-362.153320
96.933044
-328.808014
100.055954
4.452851
17.969040
277.428986
214.258102
715.350830
-170.641617
-2198.932373
416.328552
-3803.947754
1843.499268
-399.186066
-100.241562
1.490843
-4.477237
-126.414696
108.551476
106.457664
-67.855453
114.209579
-19.431927
-13.014701
-70.702522
53.549690
-231.278198
-712.203003
244.325272
-376.368011
-2614.840576
446.163055
-181.391190
1767.635864
113.804199
216.943024
-447.983215
45.776257
12.102160
-9.440527
-97.971985
-52.970654
80.390808
64.904739
141.380936
-99.705048
87.239853
63.237194
-19.585161
-29.458443
99.172882
181.635239
-98.632851
10.976583
92.756248
147.525620
-222.747559
-28.100229
26.697687
-74.794884
-174.081528
34.542427
75.093109
-19.926647
360.270172
-1212.678833
-424.199005
-12.744683
45.346939
1.991440
2.435574
905.021362
511.036499
-132.836639
-33.384399
-63.779991
46.087471
128.523102
-227.912582
121.992607
9.070291
15.858549
-21.673149
38.753887
-0.801507
-48.302868
-49.422760
61.375835
-57.156799
12.364374
-46.659531
-156.758987
251.773254
-34.791462
4.649490
-7.178259
-63.479687
9.991798
26.838732
-52.805599
22.432867
-28.609661
90.546463
-73.600456
-25.428087
-55.645798
-41.486473
14.729399
-214.331650
-13.973289
10.018602
58.784691
80.249390
91.894836
8.489530
5.460750
-52.179813
-91.793350
