4753.924316
4910.765625
4967.270020
4681.699219
5506.288574
2798.065918
-3196.477051
-5014.814941
45.188576
194.690521
1461.447144
1720.426880
-423.465790
172.538864
-2325.077148
-905.251953
-17.971012
-91.120735
-72.424545
-3637.275146
-68.794235
251.892700
-293.279266
1453.509521
3014.351807
-20.263109
-18.933638
-349.959656
-960.109131
1741.489868
-438.591553
-230.005402
14.663172
195.525940
93.270187
-68.786957
14.205364
26.865734
468.930267
1614.541138
-4524.961426
1705.642090
-362.153381
96.718338
-339.006744
95.100792
-206.579086
-79.955246
17.227173
157.418488
142.062485
214.258148
715.350891
-170.641586
-2198.932129
416.328674
-3803.947754
1843.499146
-399.185913
-100.241592
1.490885
-4.477275
-126.414642
108.551399
106.457687
-68.206078
131.414520
-47.113190
-11.272010
-74.953049
133.276306
-46.122223
15.329404
-107.251976
101.910904
-231.278183
-712.203247
244.325241
-376.367920
-2614.840576
446.163086
-181.391083
1767.635620
113.804153
216.942566
-447.983063
45.776257
12.102188
-9.440517
-97.972031
-52.970673
80.390800
64.904724
141.380920
-99.705025
87.239853
63.237164
-19.585180
-29.458448
99.172928
181.635223
-98.632835
10.976570
86.933548
129.650833
5.903839
90.456421
-158.700989
-0.360836
66.727997
-37.981182
60.416138
-24.156601
20.171310
-61.884129
28.171539
-74.794899
-174.081589
34.542473
75.093117
-19.926632
360.270142
-1212.678711
-424.198944
-12.744698
45.346951
1.991461
2.435629
905.021362
511.036530
-132.836456
-33.384354
-63.779922
46.087456
128.523102
-227.912552
121.992584
9.070298
15.858564
-21.673141
38.753891
-0.801514
-48.302856
-49.422760
61.375839
-57.156796
12.364374
-46.659534
-156.758972
251.773239
-34.791447
4.649505
-7.178258
-63.479694
9.991815
26.838745
-52.805618
22.432884
-28.609684
90.546478
-73.600456
-25.428087
-55.645817
-41.486469
14.729393
-214.331680
-13.973284
10.018600
58.784702
80.249397
91.894836
8.489527
-39.174759
106.632195
-28.870836
4.142361
-30.369663
79.075302
-0.734031
4.054081
42.714462
29.354923
12.767759
-63.432404
50.055008
-15.625956
13.860536
-41.465893
18.781300
29.842934
-21.073677
