3292.594238
3182.125000
3400.352051
3068.417480
4208.365723
-27.690491
2194.681641
3939.624023
-17.920856
-91.122101
-69.120750
-3543.682129
1065.501343
-248.655151
3602.938721
-935.883972
-20.263212
-18.933693
-349.961761
-959.958923
1776.213745
-452.774170
-36.990273
-1431.531738
1710.727905
14.205398
26.865818
468.930145
1614.540894
-4524.960938
1705.848145
-360.898804
85.421150
-29.524269
-53.430611
-139.227463
214.258102
715.350891
-170.641663
-2198.932129
416.328827
-3803.947021
1843.499023
-399.185883
-100.241592
1.490891
-4.362562
-144.869797
27.794909
5.819823
134.271286
-10.420151
-231.278168
-712.203186
244.325317
-376.367981
-2614.840576
446.163025
-181.391159
1767.635620
113.803978
216.942795
-447.982971
45.776222
12.102148
-9.440554
-97.972008
-52.970669
80.390800
64.904747
141.380951
-99.705048
92.176239
95.616768
-159.779388
-7.667799
64.396019
-74.794891
-174.081573
34.542435
75.093079
-19.926640
360.270111
-1212.678833
-424.198975
-12.744768
45.346817
1.991331
2.435558
905.021301
511.036499
-132.836578
-33.384426
-63.780025
46.087509
128.523148
-227.912521
121.992638
9.070322
15.858551
-21.673145
38.753899
-0.801509
-48.302864
-49.422752
61.375839
-57.156803
12.364374
-46.659538
-156.758972
251.773209
-34.791443
4.649510
-7.178257
-63.479702
9.991766
26.838736
-6.371053
-36.996521
29.276985
