5414.939941
5568.057617
5624.108887
5335.384277
6217.997070
3180.521973
-1535.644653
-2791.294189
45.020565
194.676529
1451.570435
1586.704590
189.566650
-623.293030
-1924.136475
-980.591492
-17.971306
-91.120476
-72.430695
-3636.014893
-154.938980
379.299042
-30.855417
-441.998322
1619.615601
-20.263012
-18.933586
-349.959442
-960.108887
1741.491211
-437.951416
-179.904190
309.425537
-144.511536
84.740219
-168.979843
191.030869
14.205334
26.865574
468.930023
1614.540649
-4524.961426
1705.642090
-362.153259
96.718285
-339.006836
94.956810
-215.195175
-210.134842
80.716415
-62.891743
20.429966
24.024046
-27.817600
214.258133
715.350952
-170.641617
-2198.932373
416.328827
-3803.947266
1843.499023
-399.185852
-100.241653
1.490887
-4.477217
-126.414787
108.551521
106.457664
-68.206055
131.414520
-47.113201
-11.272048
-75.180870
144.872757
-79.681595
55.999840
190.393982
-3.836095
-5.076907
12.016298
-63.069038
-200.168106
-231.278152
-712.203125
244.325287
-376.367889
-2614.840332
446.162964
-181.391281
1767.635742
113.803970
216.942917
-447.983032
45.776203
12.102167
-9.440538
-97.972031
-52.970676
80.390793
64.904701
141.380920
-99.705147
87.239830
63.237251
-19.585190
-29.458447
99.172890
181.635223
-98.632858
10.976577
86.933556
129.650848
5.903831
90.456413
-158.700974
-0.360854
66.728020
-37.981213
55.607517
-44.747334
130.521790
-88.347870
-110.209274
31.015352
-6.715062
-57.474548
27.199657
-38.962456
39.944088
-11.812145
52.226101
-74.794876
-174.081573
34.542439
75.093086
-19.926649
360.270172
-1212.678711
-424.198944
-12.744725
45.346931
1.991310
2.435480
905.021362
511.036621
-132.836639
-33.384323
-63.780037
46.087524
128.523132
-227.912552
121.992599
9.070297
15.858555
-21.673147
38.753895
-0.801511
-48.302864
-49.422756
61.375835
-57.156803
12.364372
-46.659531
-156.758987
251.773209
-34.791470
4.649512
-7.178251
-63.479721
9.991806
26.838741
-52.805618
22.432915
-28.609684
90.546494
-73.600449
-25.428089
-55.645805
-41.486481
14.729403
-214.331650
-13.973285
10.018604
58.784698
80.249397
91.894836
8.489529
-39.174763
106.632210
-28.870850
4.142340
-30.369669
79.075279
-0.734050
4.054069
42.714439
29.354918
12.767774
-63.432392
50.054993
-15.625971
13.860553
-41.465862
-38.247204
-15.494804
13.606524
112.100853
-65.018089
4.466994
-51.937057
74.381828
48.143772
0.307547
58.019257
113.831001
105.429611
104.908012
-49.054127
111.664513
-35.755333
-82.157059
35.799629
