5464.084961
5608.564453
5664.516602
5361.520508
6314.342773
3158.245605
-1274.866821
-3984.422607
44.622265
194.683334
1449.319824
1261.339600
-391.271667
184.707260
2.876995
-1831.369507
-17.971313
-91.120758
-72.430725
-3636.572021
-61.055595
1435.156006
-528.376648
296.850983
-1598.791260
1866.945557
-20.263058
-18.933681
-349.959442
-960.109436
1741.491333
-437.950714
-176.222580
394.191528
1039.041748
-1071.641846
1061.870239
-1480.932739
193.448456
14.205372
26.865738
468.930206
1614.541016
-4524.961426
1705.642090
-362.153320
96.718384
-339.006775
94.956810
-215.195175
-210.187698
94.778999
-285.159180
-362.101868
-354.825226
167.684128
402.872925
281.417511
214.258163
715.351074
-170.641617
-2198.932129
416.329102
-3803.947266
1843.499146
-399.186005
-100.241638
1.490873
-4.477175
-126.414703
108.551476
106.457687
-68.206062
131.414505
-47.113205
-11.272087
-75.180878
144.872696
-79.681587
55.999912
191.691208
12.517307
201.527664
51.601997
-285.749725
-174.314072
141.835938
-107.957634
325.195099
98.998734
-231.278168
-712.203186
244.325287
-376.367981
-2614.840820
446.162933
-181.391159
1767.635620
113.803940
216.943085
-447.983246
45.776264
12.102249
-9.440540
-97.972031
-52.970680
80.390785
64.904709
141.380920
-99.705009
87.239861
63.237091
-19.585136
-29.458447
99.172920
181.635239
-98.632843
10.976564
86.933533
129.650833
5.903829
90.456413
-158.700943
-0.360878
66.728043
-37.981182
55.607498
-44.747231
130.521851
-88.347923
-110.209229
31.015373
-6.715094
-57.474564
40.483028
-45.125034
-43.108410
-86.613441
147.485321
-156.560516
147.868225
-17.341438
-23.559069
158.290421
-178.943466
64.649902
-51.273422
-74.794876
-174.081573
34.542416
75.093102
-19.926640
360.270172
-1212.678589
-424.198944
-12.744728
45.346775
1.991308
2.435446
905.021179
511.036469
-132.836517
-33.384357
-63.779991
46.087494
128.523132
-227.912567
121.992615
9.070312
15.858557
-21.673157
38.753891
-0.801513
-48.302864
-49.422756
61.375839
-57.156796
12.364377
-46.659534
-156.758957
251.773224
-34.791466
4.649497
-7.178258
-63.479702
9.991791
26.838737
-52.805637
22.432859
-28.609673
90.546463
-73.600441
-25.428089
-55.645809
-41.486481
14.729385
-214.331665
-13.973283
10.018601
58.784695
80.249382
91.894829
8.489525
-39.174763
106.632195
-28.870846
4.142337
-30.369667
79.075279
-0.734069
4.054072
42.714455
29.354900
12.767757
-63.432396
50.055012
-15.625964
13.860542
-41.465885
-38.247204
-15.494799
13.606523
112.100853
-65.018082
4.466995
-51.937057
74.381828
48.143787
0.307543
58.019249
113.830978
105.429611
104.908005
-49.054123
111.664513
120.250511
29.699913
-80.870934
51.142544
-43.629261
46.129242
-26.007587
-43.011898
111.964180
16.466255
7.197916
-6.114139
-124.113548
-40.663342
21.448183
56.188271
-17.764759
-63.063171
26.132824
