2918.829346
2855.482910
2718.916260
2888.898193
2819.996094
2707.441895
-1295.408569
-2181.612549
-20.250874
-18.932474
-349.898956
-964.403625
2174.090576
-2477.012695
1856.659546
-348.820587
14.205286
26.865784
468.930237
1614.432861
-4528.793457
1670.617676
-523.374573
-31.436947
4058.421387
214.258072
715.351013
-170.641602
-2198.932373
416.328583
-3803.946777
1843.290894
-390.812500
-91.360352
84.783073
-53.311489
-522.518677
-231.278168
-712.203186
244.325348
-376.368042
-2614.840576
446.163147
-181.391251
1767.635498
113.804024
216.942719
-447.983154
45.776253
9.034800
-16.649473
16.575729
-28.966303
77.207039
-74.794876
-174.081573
34.542435
75.093086
-19.926643
360.270142
-1212.678589
-424.199005
-12.744699
45.346855
1.991365
2.435566
905.021423
511.036591
-132.836639
-33.384331
-63.779945
46.087532
128.523132
-227.912567
121.992630
9.070290
15.858555
-21.673149
7.263421
13.051416
-23.033091
