2282.861816
2282.861816
2282.861816
2282.861816
2282.861816
2282.861816
0.000000
0.000000
0.000000
0.000000
0.000000
0.000000
0.000000
-2282.861816
0.000000
0.000000
0.000000
0.000000
0.000000
0.000000
-2282.861816
0.000000
0.000000
0.000000
2282.861816
0.000000
0.000000
0.000000
0.000000
0.000000
-2282.861816
0.000000
0.000000
0.000000
0.000000
0.000000
0.000000
0.000000
0.000000
0.000000
0.000000
-2282.861816
0.000000
0.000000
0.000000
0.000000
0.000000
0.000000
0.000000
0.000000
0.000000
0.000000
0.000000
0.000000
0.000000
0.000000
0.000000
0.000000
0.000000
0.000000
0.000000
0.000000
0.000000
0.000000
0.000000
0.000000
0.000000
0.000000
0.000000
0.000000
0.000000
0.000000
0.000000
0.000000
0.000000
0.000000
0.000000
0.000000
0.000000
0.000000
0.000000
